BallPosX 0.7367638 0.920449 -0.3792271 -1.684377 0.3095068 2.877066 -1.151319 -0.4376549 -0.1593999 -1.284321 
BallPosX -0.1342432 -0.2831546 0.4854375 0.1173308 0.658108 -1.483376 0.1668195 -0.1621795 0.2891676 1.250181 
BallPosX -0.6607863 1.732304 0.8347613 -1.587508 -0.0778638 2.985293 0.2893591 -0.5947199 -0.6886384 -0.9441101 
BallPosX 0.4868842 2.15385 -0.7420986 -0.01006929 -0.8026613 3.301937 0.6403447 -0.637353 -0.8648518 0.4890793 
HiddenNeuron0 -1.888356 
HiddenNeuron1 1.45047 
HiddenNeuron2 1.097726 
HiddenNeuron3 3.043019 
HiddenNeuron4 0.9915975 
HiddenNeuron5 -0.3306863 
HiddenNeuron6 1.624988 
HiddenNeuron7 1.948323 
HiddenNeuron8 2.520544 
HiddenNeuron9 3.258971 
Output 
