BallPosX -0.06861913 0.6677103 -0.02215278 -0.6754992 -0.4792138 -0.8552065 0.02560508 0.9014168 -0.8266859 -0.8197684 
BallPosY 0.5690701 0.5292723 0.2238618 -0.167447 0.8537567 0.103984 0.4955637 -0.8688564 -0.4589235 -0.1399862 
BallVelX -0.04277384 0.6228328 -0.4886547 0.5856533 0.4622132 0.6049471 0.7420104 -0.1078209 0.7775204 0.8849607 
BallVelY -0.9530878 0.3719341 0.5524635 0.2359349 -0.4228905 0.7680261 0.3160562 0.5431085 -0.08549464 -0.1592368 
HiddenNeuron0 -0.1959225 
HiddenNeuron1 0.6064012 
HiddenNeuron2 0.6943564 
HiddenNeuron3 0.5147278 
HiddenNeuron4 -0.3356074 
HiddenNeuron5 0.02188957 
HiddenNeuron6 0.08292425 
HiddenNeuron7 -0.4575988 
HiddenNeuron8 -0.173802 
HiddenNeuron9 0.9986653 
Output 
