BallPosX 15.08012 0.9897712 2.051589 0.0461044 1.398255 2.43331 1.346781 1.882754 1.560436 2.68938 
BallPosX -14.44714 0.4229163 -1.728961 -0.1388863 -2.271213 -2.674817 -1.346345 -2.158637 -1.100721 -2.364112 
BallPosX 13.98595 0.2536972 1.013618 -0.1849906 1.138916 1.70923 2.130924 1.373573 2.177098 2.02816 
BallPosX -5.350647 -0.09013651 -0.1025273 1.531683E-08 -0.2880378 -0.3565544 -0.092926 0.8514455 -0.131551 1.465892 
HiddenNeuron0 -28.82703 
HiddenNeuron1 1.22049 
HiddenNeuron2 -55.0697 
HiddenNeuron3 0.2262818 
HiddenNeuron4 -49.39774 
HiddenNeuron5 -43.95231 
HiddenNeuron6 -56.50846 
HiddenNeuron7 -50.5742 
HiddenNeuron8 -56.01851 
HiddenNeuron9 -50.28746 
Output 
