BallPosX -4.263049 -0.1151571 3.088509 5.367758 5.572648 3.571429 0.5744784 4.261129 0.1436757 3.403435 
BallPosX 5.894506 -0.4157704 2.588615 2.238613 -17.90235 1.334299 -0.8682696 -16.47916 0.1314997 -9.285432 
BallPosX -5.464032 -0.6803743 2.99757 3.85962 4.426708 3.376742 -0.9776456 5.128455 0.6999604 3.802935 
BallPosX -5.516763 0.8388842 1.912164 5.084836 4.501561 2.591818 -0.5535127 5.410057 -0.6402597 3.642721 
HiddenNeuron0 -0.002898932 
HiddenNeuron1 -0.7789671 
HiddenNeuron2 -0.9605385 
HiddenNeuron3 -1.692732 
HiddenNeuron4 5.629863 
HiddenNeuron5 -1.168668 
HiddenNeuron6 -0.922174 
HiddenNeuron7 5.468256 
HiddenNeuron8 -0.1611915 
HiddenNeuron9 4.275285 
Output 
