BallPosX -1.097615 -0.01029348 -1.118247 15.5114 -0.337785 2.877642 7.137318 1.114827 2.245195 17.17621 
BallPosX 1.700136 0.6475878 1.224457 -17.07845 1.3054 -1.483952 -8.121818 -1.714661 -2.115427 -17.21035 
BallPosX -2.495165 0.8015618 0.09574166 15.60827 -0.7251556 2.985868 8.577995 0.9577615 1.715956 17.51642 
BallPosX 2.321263 3.084592 -0.003078967 -17.20585 -0.1553695 3.301361 -7.648292 -2.189834 -3.269446 -17.97145 
HiddenNeuron0 -0.8838759 
HiddenNeuron1 -0.9838551 
HiddenNeuron2 -1.180854 
HiddenNeuron3 6.757239 
HiddenNeuron4 -0.3463954 
HiddenNeuron5 -4.051255 
HiddenNeuron6 5.092589 
HiddenNeuron7 2.799829 
HiddenNeuron8 3.510131 
HiddenNeuron9 6.979163 
Output 
