BallPosX 1.003643 -0.2719658 -0.4764777 -0.9179291 0.2265186 0.4839313 -1.064355 -0.3779867 -0.1047494 -0.7771254 
BallPosX -0.4011225 0.9092602 0.5826882 -0.6491173 0.7410962 0.9097587 0.07985586 -0.2218478 0.2345171 0.7429855 
BallPosX -0.393907 0.5398894 0.7375106 -0.8210601 -0.160852 0.5921574 0.3763227 -0.5350517 -0.633988 -0.4369141 
BallPosX 0.7537636 0.961435 -0.8393492 0.7563788 -0.8856495 0.9088015 0.7273083 -0.5776848 -0.8102013 0.9962752 
HiddenNeuron0 -0.1008971 
HiddenNeuron1 2.037299 
HiddenNeuron2 -0.4591487 
HiddenNeuron3 2.43333 
HiddenNeuron4 -0.7438839 
HiddenNeuron5 1.169362 
HiddenNeuron6 1.548111 
HiddenNeuron7 0.3305549 
HiddenNeuron8 0.7292019 
HiddenNeuron9 1.847584 
Output 
