BallPosX 0.4916081 -0.09837902 0.276843 0.01143706 -0.3713411 0.4024803 0.9576542 -0.8684299 0.3542163 0.2788567 
BallPosY 0.4618137 0.7439539 0.4200659 -0.9690709 -0.4913603 0.2674911 0.8117788 0.4013071 0.728281 0.08118093 
BallVelX 0.5771649 -0.5861561 -0.8697176 -0.6926343 0.09414303 -0.3785208 -0.7605836 0.1035913 -0.3692273 -0.2420233 
BallVelY 0.8523681 -0.2803651 -0.847914 -0.5534165 0.470236 -0.7935302 -0.7125056 0.9031577 0.954967 0.1552292 
HiddenNeuron0 0.5612433 
HiddenNeuron1 0.4673278 
HiddenNeuron2 0.8831308 
HiddenNeuron3 0.2929086 
HiddenNeuron4 0.589252 
HiddenNeuron5 0.5369828 
HiddenNeuron6 0.6748936 
HiddenNeuron7 0.002890229 
HiddenNeuron8 -0.4820923 
HiddenNeuron9 -0.09369934 
Output 
