BallPosX 0.7422655 0.8051983 1.249908 -0.02623459 -0.3635561 0.3760182 0.7738518 1.433129 1.110209 2.675129 
BallPosX -0.1092816 0.6074891 -0.9272791 -0.06654726 -0.5094027 -0.6175258 -0.7734159 -1.709012 -0.6504952 -2.349861 
BallPosX -0.3519072 0.06912445 0.2119367 -0.2573296 -0.6228946 -0.3480613 1.557994 0.9239487 1.726872 2.01391 
BallPosX -1.345674 0.06849983 0.02083451 0.1304656 0.4527777 0.8233953 -0.02821406 1.291939 -0.1672825 1.480092 
HiddenNeuron0 -2.217935 
HiddenNeuron1 0.7377073 
HiddenNeuron2 -2.294198 
HiddenNeuron3 -0.283715 
HiddenNeuron4 0.7823794 
HiddenNeuron5 -1.275143 
HiddenNeuron6 -3.670312 
HiddenNeuron7 2.222356 
HiddenNeuron8 -3.16369 
HiddenNeuron9 2.598703 
Output 
