BallPosX -0.6279433 0.006208301 0.5464051 -0.05513656 -0.156329 0.8170738 -0.61795 -0.9397979 -0.7841284 0.02128136 
BallPosY -0.8801837 -0.3217608 0.5564139 -0.75616 0.7174065 -0.463771 -0.9828062 0.4509439 0.4203517 -0.8268785 
BallVelX -0.9925101 -0.5378973 0.1524655 -0.3820513 -0.3670429 -0.06650531 0.9898338 -0.7850487 -0.44338 0.765485 
BallVelY 0.9208574 0.5803952 0.01951325 -0.3923372 -0.2183138 -0.8686657 -0.6204059 0.1491662 -0.606883 0.2688865 
HiddenNeuron0 -0.06518805 
HiddenNeuron1 0.06336844 
HiddenNeuron2 0.2680258 
HiddenNeuron3 0.5349321 
HiddenNeuron4 0.3273179 
HiddenNeuron5 0.1021994 
HiddenNeuron6 -0.8998351 
HiddenNeuron7 0.4970195 
HiddenNeuron8 0.5121315 
HiddenNeuron9 -0.05913818 
Output 
