BallPosX -27.4317 3.543208 -0.5829068 2.749162 1.186409 8.114155 3.547317 7.65821 3.996978 6.975494 
BallPosX 27.94445 -4.078338 -1.130581 -3.414927 -1.407902 -8.026671 -2.878772 -7.531288 -3.764481 -6.785599 
BallPosX -27.68567 5.137829 0.08509234 3.189988 1.266453 7.263999 2.874061 8.215444 3.735572 7.758572 
BallPosX 29.60181 -2.606229 -0.777067 -1.018341 -0.1443444 7.821335 2.628618 7.50782 4.585005 -5.371158 
HiddenNeuron0 0.6499345 
HiddenNeuron1 -17.59316 
HiddenNeuron2 2.572214 
HiddenNeuron3 -18.53182 
HiddenNeuron4 -20.37255 
HiddenNeuron5 -9.563664 
HiddenNeuron6 -13.95878 
HiddenNeuron7 -3.991615 
HiddenNeuron8 -10.54904 
HiddenNeuron9 -15.99829 
Output 
