BallPosX 0.6916992 -0.04488012 -0.7422195 0.5786615 0.9016715 8.114155 3.54716 -1.886007 3.996932 0.4166258 
BallPosX -0.1789437 -0.4902495 -0.9712686 -1.244426 -1.123164 -8.026671 -2.878614 2.012929 -3.764435 -0.2267306 
BallPosX 0.4377258 1.549741 -0.07422036 1.019487 0.9817156 7.263999 2.873903 -1.328773 3.735527 1.199703 
BallPosX 1.474474 0.7811214 -0.007672728 1.130588 -0.1073429 7.821335 2.628776 -2.036397 4.585051 1.059313 
HiddenNeuron0 -0.07509472 
HiddenNeuron1 -3.775509 
HiddenNeuron2 0.705093 
HiddenNeuron3 -4.398072 
HiddenNeuron4 -5.943628 
HiddenNeuron5 4.910633 
HiddenNeuron6 0.5154884 
HiddenNeuron7 1.376144 
HiddenNeuron8 3.925239 
HiddenNeuron9 -3.099863 
Output 
