BallPosX 0.7265669 -0.4284042 -0.8257636 -0.1361879 0.6986653 -0.8060956 3.54716 -0.2847447 -0.6747777 -0.09434734 
BallPosX -0.2138114 -0.1067254 -0.8877245 -0.5295768 -0.9201581 0.893579 -2.878614 0.4116668 0.9072743 0.2842426 
BallPosX 0.4725935 1.166217 -0.1577645 0.3046379 0.7787094 -1.656251 2.873903 0.2724892 -0.9361829 0.6887302 
BallPosX 1.509341 0.3975973 -0.09121685 0.4157388 -0.3103492 -1.098915 2.628776 -0.4351346 -0.08665857 0.5483396 
HiddenNeuron0 2.778532 
HiddenNeuron1 -1.347139 
HiddenNeuron2 0.1744788 
HiddenNeuron3 -2.086443 
HiddenNeuron4 -3.160406 
HiddenNeuron5 2.041209 
HiddenNeuron6 3.385688 
HiddenNeuron7 -0.6208588 
HiddenNeuron8 1.086229 
HiddenNeuron9 -1.103715 
Output 
