BallPosX 0.6936696 0.05548892 -1.04726 0.5894471 1.025539 8.114155 3.54716 7.65821 3.996932 0.4808244 
BallPosX -0.1809141 -0.5906186 -0.6662278 -1.255212 -1.247032 -8.026671 -2.878614 -7.531288 -3.764435 -0.2909292 
BallPosX 0.4396963 1.65011 -0.3792611 1.030273 1.105583 7.263999 2.873903 8.215444 3.735527 1.263902 
BallPosX 1.476444 0.8814905 -0.3127135 1.141374 0.01652488 7.821335 2.628776 7.50782 4.585051 1.123511 
HiddenNeuron0 -4.593648 
HiddenNeuron1 -8.293603 
HiddenNeuron2 0.0398468 
HiddenNeuron3 -8.948121 
HiddenNeuron4 -10.46937 
HiddenNeuron5 0.3573613 
HiddenNeuron6 -4.037783 
HiddenNeuron7 5.92941 
HiddenNeuron8 -0.628032 
HiddenNeuron9 -7.625777 
Output 
