BallPosX 0.3123018 -0.6241374 0.8004732 -0.4910029 -0.5025008 -0.1066743 0.6913793 0.9041138 -0.9915736 0.9699183 
BallPosY -0.7218032 0.779897 0.1763917 -0.6849198 0.3087628 -0.3334912 0.1395179 -0.1761326 0.2042183 -0.6498654 
BallVelX 0.6698036 -0.7817724 -0.05599797 0.8672249 0.1820823 0.5059807 0.668412 -0.03488052 -0.2975236 0.5471156 
BallVelY -0.4359897 -0.1408697 0.2802694 -0.6950722 0.5565233 -0.8836389 0.9650958 -0.8697255 0.8087103 -0.4125468 
HiddenNeuron0 0.3254418 
HiddenNeuron1 0.8467152 
HiddenNeuron2 0.8329027 
HiddenNeuron3 0.5190217 
HiddenNeuron4 0.5995276 
HiddenNeuron5 0.01778209 
HiddenNeuron6 -0.8779831 
HiddenNeuron7 -0.5218568 
HiddenNeuron8 -0.992095 
HiddenNeuron9 -0.1197969 
Output 
