BallPosX -2.944767 3.543208 -0.9464158 2.749162 1.132039 8.114155 3.547215 7.65821 3.996937 6.975494 
BallPosX 3.457522 -4.078338 -0.7670723 -3.414927 -1.353532 -8.026671 -2.878669 -7.531288 -3.764441 -6.785599 
BallPosX -3.19874 5.137829 -0.2784167 3.189988 1.212083 7.263999 2.873958 8.215444 3.735532 7.758572 
BallPosX 5.114881 -2.606229 -0.413558 -1.018341 -0.0899749 7.821335 2.628721 7.50782 4.585046 -5.371158 
HiddenNeuron0 -3.697682 
HiddenNeuron1 -13.24554 
HiddenNeuron2 2.380165 
HiddenNeuron3 -14.1842 
HiddenNeuron4 -16.02939 
HiddenNeuron5 -5.216048 
HiddenNeuron6 -9.611175 
HiddenNeuron7 0.3560009 
HiddenNeuron8 -6.201431 
HiddenNeuron9 -11.65067 
Output 
