BallPosX -24.15393 -31.64998 23.80138 40.2335 -86.11725 27.22698 24.02224 -86.23081 16.37626 -82.63187 
BallPosX 25.78539 31.11906 -4.414331 -14.02136 -41.926 -7.686126 -9.599577 -40.6331 -5.904473 -29.51565 
BallPosX -25.35492 -32.2152 23.71044 38.72536 -87.26319 27.0323 22.47011 -85.36349 16.93255 -82.23237 
BallPosX -21.36592 -24.87853 19.96683 32.86694 -18.18156 22.21665 20.33689 -16.36556 15.13807 -16.28506 
HiddenNeuron0 -2.302917 
HiddenNeuron1 -3.03006 
HiddenNeuron2 1.257806 
HiddenNeuron3 0.5632652 
HiddenNeuron4 29.93329 
HiddenNeuron5 1.126554 
HiddenNeuron6 1.071061 
HiddenNeuron7 29.79318 
HiddenNeuron8 1.244387 
HiddenNeuron9 28.6089 
Output 
