BallPosX 0.9603724 -0.8216228 0.01277173 -0.5136471 -0.3996545 0.4549443 -0.3355285 0.4676461 0.1829754 0.3668985 
BallPosY 0.608346 -0.3373746 0.3021998 -0.8180389 0.5592887 0.62322 -0.1687669 -0.02901256 -0.6132238 -0.07132852 
BallVelX 0.5870106 0.7656031 0.1284264 0.5196593 0.673063 -0.4845828 -0.7689877 0.9249852 -0.02391207 0.3446765 
BallVelY 0.5901148 0.3778987 0.6552527 0.611418 0.5645695 -0.0576576 -0.6962202 -0.6885574 0.1496483 -0.8952787 
HiddenNeuron0 0.4747877 
HiddenNeuron1 0.354886 
HiddenNeuron2 0.3814845 
HiddenNeuron3 0.7027006 
HiddenNeuron4 0.782078 
HiddenNeuron5 -0.869422 
HiddenNeuron6 0.1454233 
HiddenNeuron7 0.7556405 
HiddenNeuron8 0.309299 
HiddenNeuron9 0.7568893 
Output 
