BallPosX -0.646385 -0.01739967 0.5159056 -0.8187814 -0.02831447 0.03941119 0.649446 0.7247927 -0.6369166 -0.7588186 
BallPosY -0.4415513 0.7446289 -0.3523952 0.3789146 -0.2058057 -0.5340602 0.3802302 0.8177907 0.5412655 0.8102915 
BallVelX 0.3749726 0.2904076 0.622963 -0.1611062 -0.7253463 -0.6996233 -0.04647362 0.4212582 -0.3189014 0.8754585 
BallVelY -0.1390516 0.6596928 -0.4086598 -0.3200678 -0.3929008 -0.07842958 0.2097203 0.631788 -0.3203429 -0.2826473 
HiddenNeuron0 -0.6622183 
HiddenNeuron1 -0.5024593 
HiddenNeuron2 -0.5536849 
HiddenNeuron3 0.6126399 
HiddenNeuron4 -0.1406537 
HiddenNeuron5 -0.2853974 
HiddenNeuron6 0.6378736 
HiddenNeuron7 -0.5809667 
HiddenNeuron8 0.3414168 
HiddenNeuron9 0.9744437 
Output 
