BallPosX -0.7870543 -0.7071478 -0.1735431 0.8812089 -0.102753 0.7350311 -0.1218332 -0.1987633 0.8138938 0.3248524 
BallPosY -0.650811 0.9803224 0.9262035 -0.3888775 0.3041722 0.1876029 0.5827174 0.9307451 0.02236998 -0.4475299 
BallVelX -0.6983857 0.06530225 0.3424594 -0.03813183 0.3910191 0.8330777 0.4278521 0.6219621 0.1807481 -0.6860669 
BallVelY -0.003560424 0.1839155 0.2114359 0.9285128 0.2722492 0.1631056 0.128635 0.8401368 -0.8720765 -0.3424906 
HiddenNeuron0 0.3715894 
HiddenNeuron1 -0.7161999 
HiddenNeuron2 -0.9320889 
HiddenNeuron3 -0.2896487 
HiddenNeuron4 0.1847385 
HiddenNeuron5 0.6622846 
HiddenNeuron6 -0.4344853 
HiddenNeuron7 0.2174484 
HiddenNeuron8 -0.4467369 
HiddenNeuron9 -0.5533738 
Output 
