BallPosX 0.5474577 0.4933145 -0.6172452 -0.140463 -0.422757 0.4144087 -0.7281175 -0.4224056 -0.1207312 -0.07991636 
BallPosY -0.5300927 -0.09322846 0.106342 0.5338531 0.1030909 -0.7630277 -0.9817028 -0.4910563 -0.2444171 -0.7524803 
BallVelX 0.9835532 0.9853809 -0.09457362 -0.09476769 0.0257858 -0.6712923 -0.8305278 0.226349 0.6777635 0.6383417 
BallVelY -0.2209076 -0.2650234 -0.7990704 -0.05429018 -0.08379161 0.1721541 0.545027 -0.4773771 -0.3414232 0.755641 
HiddenNeuron0 0.2312001 
HiddenNeuron1 -0.6387224 
HiddenNeuron2 -0.4967674 
HiddenNeuron3 0.8427734 
HiddenNeuron4 -0.9470105 
HiddenNeuron5 -0.7978072 
HiddenNeuron6 -0.1878513 
HiddenNeuron7 -0.5082304 
HiddenNeuron8 0.1302017 
HiddenNeuron9 -0.3520361 
Output 
