BallPosX -0.1613501 -0.8965077 -0.6641581 -0.5116134 -0.285705 0.323399 0.0988096 -0.8457487 -0.2045435 -0.6316776 
BallPosY 0.003254533 -0.6866848 -0.2494458 -0.2913362 0.5403392 -0.004245877 -0.6809916 0.1755167 0.7835376 -0.3664745 
BallVelX 0.2845928 -0.4641856 -0.3528279 0.7091227 0.3516798 -0.6109838 0.4111633 -0.9092574 0.9424706 -0.4973778 
BallVelY -0.1739572 0.3386364 0.4989731 0.4853966 -0.6009142 -0.3405131 -0.4362808 -0.4040588 -0.5851269 0.8118482 
HiddenNeuron0 0.08541501 
HiddenNeuron1 0.01657021 
HiddenNeuron2 0.7664142 
HiddenNeuron3 -0.2174731 
HiddenNeuron4 -0.2329756 
HiddenNeuron5 -0.4790422 
HiddenNeuron6 -0.286822 
HiddenNeuron7 -0.1807135 
HiddenNeuron8 0.4299361 
HiddenNeuron9 -0.9727483 
Output 
